1282.549	1359.327	1336.554	1310.302	1263.21	1450.588	1407.739	1527.954	1442.624	1337.295	1268.183	942.009	783.897	672.655	632.648	509.49	296.145	171.136	58.29	11.881	1.361
1262.944	1362.177	1351.935	1339.021	1266.891	1438.275	1416.726	1520.341	1468.575	1349.997	1296.692	996.491	802.028	677.739	627.834	522.16	312.943	174.719	66.237	13.386	1.422
1251.711	1358.17	1366.781	1359.289	1291.23	1406.768	1443.039	1498.708	1497.787	1368.611	1307.885	1063.622	819.78	689.727	620.985	531.474	334.829	175.211	72.295	15.795	1.494
1248.714	1348.509	1382.2	1371.468	1331.863	1366.73	1477.807	1472.3	1526.486	1393.295	1309.264	1135.279	841.564	707.212	615.037	538.363	359.08	175.642	76.805	17.774	1.58
1254.774	1337.169	1396.235	1381.007	1376.815	1336.964	1505.343	1455.565	1548.712	1422.733	1312.972	1199.059	874.055	727.802	613.925	543.832	381.876	180.263	79.353	18.297	1.678
1271.578	1329.536	1405.656	1393.17	1415.492	1330.28	1515.614	1456.958	1560.932	1455.358	1326.63	1247.551	920.492	750.23	619.848	548.509	401.269	191.366	79.997	16.649	1.788
1292.428	1325.584	1409.256	1435.047	1467.047	1358.529	1513.096	1474.587	1554.721	1485.18	1342.069	1274.918	974.968	768.675	626.84	546.086	411.501	206.816	85.015	19.34	1.903
1329.367	1325.591	1406.289	1469.594	1513.557	1414.682	1494.589	1512.883	1538.666	1517.968	1366.484	1286.861	1042.088	788.66	640.473	543.079	420.171	223.907	86.493	23.232	2.03
1376.257	1329.907	1401.664	1490.104	1555.809	1490.041	1470.915	1560.306	1521.386	1547.928	1398.107	1289.678	1112.45	813.694	658.615	541.316	428.214	240.262	87.552	26.114	2.174
1422.076	1339.199	1397.634	1494.631	1594.546	1568.368	1461.05	1599.114	1514.903	1568.657	1432.422	1294.063	1172.782	848.405	678.745	543.425	435.601	255.411	89.133	26.532	2.343
1457.825	1354.538	1393.988	1487.297	1626.54	1637.906	1477.41	1619.142	1525.127	1578.034	1465.213	1306.861	1215.577	894.039	699.986	550.716	441.901	268.039	93.62	23.766	2.539
1502.468	1375.802	1396.247	1497.565	1635.747	1680.195	1510.79	1613.227	1545.982	1576.415	1494.801	1328.849	1240.204	945.729	720.164	561.056	441.881	278.388	106.005	25.509	2.775
1524.057	1405.766	1396.403	1504.048	1643.438	1711.295	1567.538	1591.471	1580.798	1565.833	1523.009	1358.027	1251.229	1005.995	741.739	575.454	442.279	286.308	115.925	28.195	3.042
1529.791	1443.704	1397.529	1502.755	1651.747	1732.636	1636.577	1567.157	1618.698	1554.038	1546.623	1391.127	1256.066	1066.607	767.84	591.879	445.863	291.918	124.278	30.571	3.325
1533.468	1484.736	1403.211	1493.572	1659.743	1748.638	1701.582	1558.385	1645.493	1550.618	1562.233	1423.368	1264.563	1117.309	801.738	609.408	454.23	297.083	130.351	31.338	3.601
1545.117	1521.11	1416.483	1480.342	1663.583	1763.281	1753.076	1574.158	1655.519	1559.507	1569.432	1451.868	1281.614	1153.78	843.696	628.87	466.798	303.11	135.09	29.267	3.855
416.399	474.819	466.611	481.41	468.177	563.004	700.133	715.184	622.762	505.949	492.659	506.507	413.808	336.644	332.279	293.417	133.86	102.608	36.683	5.942	0.421
399.423	473.288	471.763	488.996	472.52	542.055	681.02	721.712	645.126	520.893	486.949	507.428	429.8	340.035	323.859	298.944	147.983	96.68	41.789	7.029	0.456
393.09	466.827	478.129	491.793	483.793	525.081	657.097	724.67	665.809	541.661	483.123	502.435	447.841	347.988	315.404	298.222	169.757	87.187	45.236	8.775	0.494
394.69	455.795	484.808	491.094	498.846	513.156	630.776	723.456	683.98	566.229	482.541	493.652	465.506	359.577	308.259	293.892	193.627	78.803	46.559	10.071	0.535
397.956	442.706	489.131	490.062	512.891	507.278	605.754	717.222	698.983	591.558	486.873	484.692	479.23	373.527	304.537	288.976	212.907	76.51	45.326	10.105	0.581
398.127	431.607	488.519	490.793	522.592	507.535	584.584	705.615	710.308	615.437	496.857	478.016	486.79	388.842	305.503	284.808	224.795	81.925	41.994	8.369	0.634
399.957	422.292	483.558	494.015	526.482	510.134	564.467	688.333	718.449	638.343	512.328	472.76	487.464	404.476	309.139	277.924	228.392	94.317	41.395	9.818	0.692
398.479	415.252	474.211	499.162	525.791	519.479	547.64	665.497	722.982	659.559	533.527	469.627	482.274	422.151	316.989	270.852	227.993	109.438	38.207	11.918	0.755
394.587	410.987	461.999	504.287	522.338	532.881	535.317	639.731	723.397	678.542	558.648	470.071	473.629	439.562	328.283	265.095	225.967	123.726	35.371	13.213	0.822
391.338	408.785	449.72	506.399	519.566	545.767	528.701	614.948	718.796	694.854	584.885	475.735	465.314	453.27	342.047	262.895	224.085	135.191	34.021	12.828	0.893
390.936	407.001	439.727	503.91	519.512	555.001	528.377	593.945	708.834	708.174	610.307	487.435	459.955	461.278	357.576	265.577	222.794	142.126	36.077	10.44	0.967
391.218	404.787	432.678	502.677	526.901	561.742	533.62	575.739	693.062	716.939	633	503.634	456.639	463.03	373.806	270.383	218.314	146.102	44.419	10.127	1.047
393.739	403.289	427.253	495.666	537.023	565.445	546.49	561.244	672.139	723.193	654.523	525.468	455.683	459.646	392.47	279.397	213.566	147.664	52.393	10.124	1.133
398.118	402.311	423.435	483.824	547.029	567.642	563.837	551.153	647.964	725.669	673.879	550.759	457.859	453.084	410.826	291.691	210.324	147.552	59.205	10.408	1.213
402.933	401.828	420.134	470.009	552.795	570.973	580.641	546.304	623.94	722.462	690.074	576.282	464.192	446.494	425.077	306.196	210.668	146.998	63.503	10.446	1.271
407.014	402.029	416.38	456.813	551.618	576.472	593.649	547.163	602.649	712.467	702.382	599.792	475.128	441.928	433.08	322.041	215.458	146.572	65.295	9.429	1.298
576.032	617.923	612.167	609.217	620.3	687.409	760.045	818.13	782.462	719.615	689.957	527.831	526.727	518.783	462.543	386.81	180.775	127.877	47.216	9.388	0.826
566.153	617.057	616.34	616.175	622.428	676.233	747.627	814.099	793.24	726.431	703.276	547.623	517.234	514.801	461.344	394.535	198.264	121.984	52.827	10.471	0.877
564.24	613.115	620.9	620.924	628.131	667.244	735.895	805.965	803.989	737.257	707.038	579.243	506.339	510.739	462.959	394.772	224.315	112.141	56.498	12.255	0.926
568.511	606.326	626.112	623.425	635.844	661.784	724.763	795.167	813.592	750.998	705.311	616.606	497.84	506.498	466.074	391.664	252.699	103.525	57.768	13.549	0.976
575.721	598.636	630.537	624.946	643.527	660.593	714.493	783.838	820.397	765.56	704.946	650.197	497.576	501.828	468.863	390.182	275.971	101.706	56.166	13.405	1.029
583.493	593.148	632.157	626.919	649.588	663.176	705.877	773.176	823.305	779.438	710.061	674.179	508.701	496.716	470.386	392.469	291.167	108.598	52.118	11.127	1.087
593.975	590.306	631.455	634.165	656.068	669.195	702.389	762.703	819.675	790.979	717.496	686.124	526.263	487.842	469.141	394.298	297.571	123.963	52.115	12.697	1.147
605.096	590.023	627.422	642.446	660.306	677.862	701.584	754.132	812.58	802.115	729.194	689.559	555.348	476.652	467.587	398.718	299.35	142.344	49.194	15.112	1.211
615.87	592.538	621.338	650.095	662.77	687.975	703.192	747.713	803.461	811.423	743.635	688.318	590.148	466.78	465.146	404.524	300.017	159.717	46.575	16.66	1.278
625.324	597.202	615.366	654.659	664.891	697.514	706.995	743.435	794.326	817.282	758.278	688.668	621.36	464.081	461.163	409.971	302.794	173.964	45.404	16.266	1.347
632.775	602.755	611.229	654.932	667.59	704.852	712.794	741.189	786.484	819.067	771.35	694.223	643.375	471.991	455.496	413.98	308.619	183.259	47.885	13.475	1.419
643.367	610.044	609.583	655.434	673.788	706.653	716.682	738.572	780.243	818.561	783.303	701.85	654.948	489.648	445.386	410.824	311.27	189.9	58.225	13.303	1.499
646.87	619.62	609.684	651.625	681.906	707.493	722.227	737.176	774.794	815.069	794.887	713.759	658.266	517.796	433.91	407.559	314.742	193.059	67.946	13.577	1.585
645.817	630.95	611.81	644.575	689.752	708.7	728.283	737.04	770.072	809.691	804.88	728.596	657.36	550.228	424.667	404.097	318.592	194.346	76.248	14.14	1.668
644.205	642.61	615.891	636.814	694.523	711.624	733.595	738.221	766.067	803.958	812.071	743.965	658.306	578.295	422.976	400.106	321.935	196.398	81.569	14.3	1.732
644.952	652.524	621.943	630.593	694.657	716.381	737.831	740.68	762.903	798.767	816.062	758.201	664.553	597.5	431.389	395.558	324.358	200.153	84.089	13.077	1.769
1793.375	2038.199	2058.024	2097.288	2072.604	2078.02	2266.996	2680.002	2605.867	2314.503	2048.952	1560.068	1258.273	1145.394	1008.547	807.443	501.309	273.256	100.471	23.826	3.356
1733.962	2029.294	2079.683	2120.163	2098.795	2087.258	2222.179	2640.885	2653.855	2373.599	2113.878	1647.169	1290.724	1147.444	1013.853	824.125	523.707	283.567	111.175	25.982	3.435
1704.095	2002.168	2101.275	2136.83	2127.751	2101.344	2194.759	2574.006	2699.168	2437.119	2163.998	1744.239	1333.84	1150.056	1020.699	836.441	550.855	290.565	118.597	29.557	3.527
1697.856	1959.081	2120.112	2149.433	2159.935	2118.628	2183.224	2491.858	2736.478	2502.012	2207.665	1843.301	1388.885	1156.764	1029.025	846.208	580.662	296.563	124.056	32.426	3.634
1704.406	1909.087	2129.48	2162.635	2193.292	2139.195	2181.675	2415.142	2755.678	2564.914	2256.116	1934.776	1456.429	1172.833	1038.193	856.226	609.209	306.156	127.293	32.921	3.761
1716.57	1865.683	2122.686	2178.609	2224.422	2164.261	2184.846	2357.465	2749.646	2624	2314.407	2014.182	1534.9	1201.59	1047.999	868.178	633.998	321.732	129.061	29.835	3.91
1742.515	1832.615	2102.557	2207.415	2260.284	2204.059	2194.286	2311.588	2711.738	2675.694	2372.659	2080.876	1615.201	1234.317	1051.841	878.635	648.493	343.728	139.41	33.493	4.079
1777.298	1809.452	2067.194	2233.405	2291.296	2251.382	2211.262	2287.107	2644.718	2728.628	2434.886	2136.111	1706.373	1278.053	1056.078	890.311	661.801	366.484	144.832	38.989	4.272
1815.907	1798.399	2022.266	2249.356	2319.177	2302.844	2234.885	2281.308	2560.664	2774.639	2498.855	2184.595	1801.939	1332.783	1064.218	901.411	676.83	387.53	149.167	43.275	4.5
1852.479	1798.274	1976.551	2248.329	2345.525	2353.317	2265.487	2286.143	2481.098	2799.725	2561.615	2234.484	1892.456	1398.096	1080.933	911.076	694.435	407.521	153.287	44.226	4.774
1882.529	1805.512	1937.359	2228.796	2368.771	2399.266	2303.47	2295.521	2421.376	2794.88	2621.252	2290.567	1972.071	1472.96	1108.991	920.147	713.137	426.147	160.183	40.63	5.103
1923.198	1812.322	1923.709	2231.847	2373.04	2430.536	2340.433	2300.96	2370.638	2751.949	2682.781	2348.476	2041.493	1551.847	1143.299	922.227	718.639	443.012	178.379	44.337	5.5
1939.518	1831.736	1906.332	2222.1	2392.265	2447.237	2387.833	2312.601	2343.762	2675.568	2743.002	2413.93	2097.25	1644.173	1187.025	927.618	723.473	457.494	191.973	49.856	5.959
1940.675	1865.738	1885.036	2195.922	2428.077	2448.592	2441.41	2329.767	2336.846	2580.184	2789.708	2486.013	2142.416	1744.193	1239.311	938.904	728.815	469.696	203.168	54.57	6.454
1939.632	1908.409	1864.142	2158.404	2467.668	2445.069	2491.182	2354.184	2339.807	2489.604	2807.841	2559.13	2187.071	1840.373	1301.052	959.07	735.749	481.632	211.497	56.261	6.951
1943.66	1948.692	1851.666	2116.613	2493.781	2451.434	2527.703	2387.788	2345.49	2420.445	2790.727	2626.521	2240.138	1923.577	1373.823	989.319	745.263	493.109	219.308	53.223	7.429
338.606	344.541	303.343	279.601	332.564	383.983	408.554	408.504	375.189	366.729	395.922	346.108	264.182	219.642	194.367	167.169	114.44	66.515	25.432	5.25	0.553
331.226	349.724	313.393	280.812	321.853	376.149	404.566	412.686	381.135	363.082	392.734	357.931	275.373	221.586	192.343	165.794	115.864	67.548	27.806	5.877	0.58
327.518	351.189	323.439	285.373	310.745	367.494	399.905	413.39	389.01	361.877	384.876	368.616	288.557	224.513	191.04	163.63	117.599	67.597	28.935	6.892	0.606
326.355	349.126	333.275	292.297	300.839	358.186	395.149	410.8	398.124	363.024	374.663	377.328	302.834	229.034	190.666	161.332	119.328	67.118	29.239	7.617	0.634
326.187	345.08	341.923	300.379	294.109	348.552	390.155	406.478	406.68	366.259	365.567	382.823	317.016	235.975	191.501	159.632	120.54	66.951	28.742	7.547	0.665
325.847	341.447	348.08	308.958	291.433	339.025	384.47	402.074	412.88	371.5	359.738	384.415	330.301	245.648	193.779	158.898	121.055	67.397	27.711	6.348	0.698
325.543	338.002	350.955	320.89	293.66	329.702	378.09	399.058	414.499	378.132	355.742	380.85	341.354	256.296	196.138	157.953	120.577	69.548	29.609	6.971	0.734
326.686	334.78	350.779	332.551	300.003	320.849	370.862	396.922	413.024	387.18	354.659	373.275	351.903	269.001	199.708	157.701	119.711	71.382	30.224	7.985	0.772
328.037	332.049	348.632	342.456	309.58	313.772	363.02	395.078	409.539	397.145	356.368	363.724	360.924	282.86	204.936	158.273	119.041	72.615	30.239	8.694	0.813
328.051	329.871	345.813	349.457	320.663	310.114	355.034	392.463	405.933	405.733	360.419	355.353	366.883	296.695	212.402	159.939	118.964	73.412	29.805	8.586	0.857
325.865	328.136	343.078	353.401	331.588	310.7	347.476	388.433	403.36	411.466	366.4	350.168	368.908	309.725	222.262	162.965	119.554	73.767	29.382	7.308	0.902
325.604	326.54	342.197	360.54	340.979	310.921	340.262	379.751	404.827	412.176	372.69	343.631	371.863	319.506	231.494	164.818	119.336	74.953	31.985	7.852	0.948
318.942	326.79	339.98	365.002	352.712	315.314	332.355	372.029	404.052	413.785	380.291	340.964	367.163	334.058	240.981	168.379	118.936	75.615	33.524	8.792	0.996
308.927	328.94	336.643	366.033	365.995	323.461	323.651	366.804	398.456	417.881	386.924	343.492	354.321	353.06	249.742	174.05	118.611	75.894	34.384	9.502	1.046
300.089	331.692	332.954	364.126	378.756	333.973	316.111	362.945	388.665	423.359	391.845	349.431	338.166	371.325	258.888	181.435	118.989	76.073	34.516	9.482	1.094
295.077	332.982	330.097	360.316	388.733	345.822	312.152	358.022	377.919	426.89	396.461	355.802	324.871	382.427	271.026	189.501	120.758	76.085	34.247	8.367	1.14
294.746	328.35	317.789	332.49	328.118	305.739	352.634	380.222	385.156	402.854	426.104	297.362	258.512	227.38	211.197	163.111	97.671	56.424	18.784	3.071	0.24
282.873	327.535	319.383	330.64	332.545	306.138	343.186	377.18	383.52	395.784	431.651	318.103	261.094	228.579	210.613	167.706	101.644	57.105	21.34	3.605	0.255
278.402	322.872	322.755	327.045	335.029	310.843	331.716	372.987	382.617	390.383	427.136	345.749	262.137	231.627	208.902	171.832	106.929	56.679	22.979	4.483	0.271
279.467	314.629	327.114	322.991	335.735	318.283	320.252	367.571	382.016	386.579	416.152	375.491	264.231	235.82	207.027	175.393	113.02	56.057	23.842	5.145	0.288
282.388	304.864	330.366	320.313	335.294	325.788	311.815	360.875	381.027	383.834	404.623	399.989	271.412	240.072	206.29	178.251	119.146	56.532	23.82	5.177	0.309
284.683	296.753	330.425	319.946	334.179	331.51	308.107	352.961	379.088	381.713	396.155	414.823	285.733	243.864	207.346	180.378	124.858	58.77	23.003	4.298	0.334
289.45	290.715	327.452	322.004	333.79	336.148	308.579	343.499	376.226	379.638	388.575	420.447	306.125	245.457	207.961	179.687	128.619	63.134	24.654	5.046	0.364
293.627	286.865	321.308	326.412	331.775	339.877	313.811	332.493	372.616	379.217	383.007	416.5	333.912	246.4	210.378	178.346	132.025	67.707	25.177	6.162	0.399
296.92	285.551	312.863	331.734	328.816	342.806	322.087	321.779	367.821	379.829	379.327	406.085	364.131	249.184	213.868	177.087	135.157	72.024	25.429	6.966	0.438
299.569	286.158	304.248	335.256	326.533	344.963	330.638	314.059	361.518	380.242	376.832	394.657	389.148	257.415	217.498	176.817	137.792	76.204	25.627	6.991	0.481
301.715	287.412	297.439	335.156	326.162	346.119	337.755	310.949	353.819	379.481	375.126	385.84	404.308	272.781	221.049	177.975	139.788	79.95	26.456	5.975	0.527
305.511	289.41	293.201	332.877	329.384	345.088	343.438	312.091	344.551	376.613	374.333	378.476	408.301	292.722	223.9	179.217	139.67	83.394	30.027	6.461	0.577
305.534	292.93	290.795	326.85	335.501	342.663	348.136	317.986	334.052	372.787	375.164	373.589	403.286	319.299	226.134	182.21	139.166	86.265	32.726	7.275	0.632
303.353	297.645	289.988	318.327	342.425	340.017	351.585	326.853	323.947	367.771	376.621	370.759	392.508	347.672	229.768	186.353	139.029	88.474	34.877	7.956	0.688
301.092	302.659	290.316	309.731	346.962	338.866	353.743	335.83	316.745	361.369	377.264	369.059	381.29	370.572	237.996	190.803	139.987	90.37	36.269	8.051	0.743
300.17	306.725	291.63	302.834	347.183	340.05	354.731	343.074	313.95	353.67	376.196	367.916	372.946	383.788	252.371	195.194	142.3	91.954	37.334	7.156	0.794
3698.472	3658.105	3838.257	3910.617	3790.323	4242.09	4312.836	4390.102	4249.822	4227.998	4200.821	2806.392	2741.064	2761.36	2464.586	2215.722	868.371	818.026	332.52	73.646	7.071
3749.262	3645.812	3808.793	3928.048	3780.807	4173.809	4313.742	4393.263	4266.964	4198.214	4299.962	2999.854	2683.803	2737.973	2454.744	2266.728	999.901	748.058	372.083	81.804	7.628
3782.187	3651.06	3774.597	3930.197	3812.812	4076.02	4326.311	4385.566	4298.855	4184.668	4308.026	3288.712	2616.976	2708.034	2473.057	2247.621	1211.781	644.479	401.429	94.463	8.225
3802.925	3673.696	3738.861	3918.429	3869.96	3968.498	4337.394	4372.45	4338.301	4185.712	4255.366	3618.208	2570.699	2672.573	2504.765	2194.418	1447.403	552.895	414.362	104.315	8.867
3821.651	3707.09	3708.822	3897.882	3924.431	3882.555	4327.692	4362.945	4373.766	4195.839	4194.104	3903.501	2590.989	2632.955	2528.707	2153.622	1636.9	521.768	406.132	105.689	9.567
3845.483	3740.181	3692.023	3872.89	3958.164	3837.232	4287.406	4361.349	4398.101	4212.06	4157.102	4093.131	2702.294	2592.048	2534.21	2147.257	1750.022	565.664	382.234	94.721	10.328
3868.607	3770.207	3692.734	3847.634	3975.152	3830.7	4222.86	4362.596	4407.422	4236.08	4132.257	4192.151	2893.298	2542.141	2518.416	2149.64	1789.174	681.134	360.667	108.875	11.139
3892.976	3800.728	3705.739	3816.208	3976.827	3863.147	4128.281	4374.604	4403.962	4273.328	4122.242	4202.271	3175.337	2481.663	2497.189	2174.443	1778.97	836.363	316.046	128.639	11.987
3916.908	3830.663	3727.651	3783.348	3965.964	3918.217	4022.442	4385.936	4393.091	4316.294	4125.953	4153.34	3495.069	2439.986	2471.038	2209.192	1749.85	993.092	278.175	140.47	12.888
3934.063	3859.298	3752.78	3756.654	3947.916	3969.065	3936.235	4377.979	4384.222	4353.599	4138.505	4095.991	3770.667	2461.981	2440.54	2237.223	1735.217	1123.517	260.694	137.508	13.867
3939.771	3886.175	3777.093	3740.764	3925.613	3998.877	3888.368	4339.676	4382.274	4378.069	4156.489	4061.549	3952.73	2570.989	2407.699	2250.341	1747.823	1203.017	284.622	119.875	14.926
3941.889	3914.986	3805.785	3727.092	3886.491	4017.263	3882.886	4274.587	4385.988	4391.096	4183.103	4040.236	4050.264	2757.358	2364.005	2239.604	1758.757	1233.772	363.315	108.928	16.172
3932.692	3939.449	3836.432	3729.9	3837.09	4014.13	3916.356	4179.368	4399.067	4389.94	4221.954	4032.132	4061.652	3030.13	2309.811	2225.728	1785.576	1232.976	450.199	97.732	17.559
3914.671	3958.323	3866.481	3747.136	3784.924	3990.238	3971.908	4073.698	4410.27	4379.809	4265.813	4036.54	4015.773	3337.565	2273.315	2208.838	1820.154	1218.917	532.748	93.948	18.848
3893.754	3971.104	3894.986	3772.634	3740.824	3952.235	4021.438	3989.252	4402.052	4370.865	4304.002	4049.708	3961.749	3601.707	2298.033	2188.993	1851.004	1215.916	595.393	95.267	19.722
3873.546	3977.798	3921.85	3800.92	3712.561	3907.009	4046.321	3945.081	4365.232	4369.462	4330.207	4069.547	3930.475	3776.7	2406.683	2167.925	1872.53	1237.866	631.689	93.804	19.995
3920.388	4169.588	4689.352	4574.159	4464.589	4989.744	6754.202	7113.144	6361.245	5549.199	4789.736	5112.746	5576.286	4083.915	3585.104	2818.59	1354.384	1110.836	398.665	66.751	5.134
3936.224	4078.978	4625.042	4651.05	4508.131	4785.209	6459.747	7141.2	6520.779	5704.024	4843.828	4947.216	5567.134	4269.803	3557.363	2901.253	1457.875	1040.826	455.856	78.723	5.587
3884.69	4024.546	4526.762	4718.682	4576.136	4684.023	6094.384	7139.551	6692.642	5851.082	4968.615	4814.709	5450.429	4553.468	3518.854	2947.47	1631.902	934.317	495.858	97.667	6.081
3786.045	4003.599	4408.708	4760.455	4653.867	4668.385	5700.445	7089.831	6858.706	5992.956	5139.886	4724.063	5262.3	4868.884	3499.361	2971.037	1829.949	836.67	512.711	112.016	6.621
3681.708	3996.323	4294.01	4759.465	4726.71	4696.334	5346.622	6965.391	6990.087	6138.01	5319.743	4682.12	5063.559	5115.267	3542.64	2985.653	1997.015	794.114	500.403	113.276	7.209
3599.277	3972.733	4202.433	4712.246	4783.93	4734.4	5081.554	6755.465	7067.206	6290.326	5483.651	4691.639	4895.592	5233.503	3669.98	2998.567	2110.63	821.07	463.011	96.177	7.844
3501.933	3922.511	4130.175	4655.211	4829.136	4740.962	4880.073	6466.762	7105.356	6450.776	5627.724	4740.293	4742.613	5231.115	3861.207	2989.679	2174.83	916.427	452.597	112.434	8.539
3440.888	3854.842	4075.676	4551.846	4864.885	4765.715	4763.595	6086.714	7097.474	6614.074	5753.709	4846.354	4609.001	5114.16	4134.267	2964.521	2213.21	1035.279	413.545	135.441	9.261
3410.851	3772.038	4038.8	4419.131	4881.703	4809.323	4716.581	5668.652	7033.478	6768.855	5872.274	4993.834	4508.755	4925.367	4430.507	2955.197	2240.645	1150.598	375.41	148.939	10.006
3396.53	3686.814	4006.579	4288.75	4871.523	4868.547	4708.278	5293.407	6899.739	6897.864	6004.785	5156.665	4457.806	4732.646	4664.225	3008.971	2267.814	1248.986	351.442	143.468	10.773
3390.619	3616.908	3964.55	4184.022	4830.099	4934.216	4720.308	5012.198	6691.036	6987.767	6163.026	5317.603	4465.345	4578.517	4786.744	3149.041	2298.582	1317.919	358.699	116.031	11.555
3399.688	3566.7	3924.496	4170.655	4803.049	4984.084	4756.37	4851.807	6431.434	7027.674	6315.594	5448.697	4514.623	4435.301	4771.721	3323.584	2291.228	1369.129	425.016	110.777	12.353
3418.714	3531.087	3868.401	4173.726	4752.039	5046.096	4813.509	4775.387	6102.829	7048.027	6486.97	5573.074	4626.025	4320.919	4666.977	3578.763	2271.616	1403.849	487.467	107.566	13.187
3445.922	3511.152	3805.295	4174.343	4685.528	5115.301	4886.659	4758.743	5747.093	7033.254	6659.616	5698.352	4778.45	4241.256	4508.771	3857.34	2270.755	1425.597	540.548	107.229	13.935
3480.268	3504.663	3744.936	4152.254	4622.125	5176.295	4969.337	4766.897	5429.882	6957.372	6809.165	5838.179	4940.161	4204.785	4351.146	4077.34	2329.109	1443.171	573.194	104.951	14.43
3517.798	3507.779	3693.472	4101.901	4571.182	5213.301	5058.403	4782.026	5190.879	6805.445	6920.701	5998.414	5091.794	4216.896	4225.747	4194.146	2463.571	1460.475	587.03	92.253	14.576
551.774	561.733	607.933	757.812	850.836	877.861	897.402	822.528	810.64	719.899	693.044	540.681	624.432	623.615	509.907	335.251	195.483	110.66	41.283	8.45	0.895
551.105	563.431	595.987	737.039	844.667	874.958	901.771	834.993	817.637	729.331	704.105	553.84	602.669	624.606	525.294	352.372	202.569	112.145	45.439	9.497	0.943
550.488	564.244	589.076	711.287	836.504	874.084	898.586	852.359	818.101	746.112	702.551	582.34	574.612	623.204	539.31	371.113	210.966	112.009	47.7	11.166	0.987
551.165	563.977	586.178	683.228	825.795	874.656	890.527	871.265	815.345	767.285	693.95	617.965	546.95	618.476	551.792	390.751	220.889	111.476	48.499	12.368	1.03
553.569	563.172	584.83	657.555	811.787	874.794	882.486	886.484	815.3	786.834	687.92	648.386	529.438	609.214	562.248	410.315	232.766	112.25	47.757	12.293	1.078
557.727	562.736	583.028	637.455	793.987	872.904	877.864	894.933	821.459	800.678	690.626	666.551	527.182	595.28	570.101	429.292	246.956	115.22	45.701	10.391	1.133
560.213	562.624	579.921	621.085	769.785	869.126	879.49	899.413	832.258	808.712	704.154	676.039	537.036	574.479	572.494	445.504	262.705	122.291	48.74	11.501	1.2
569.217	561.493	577.445	610.57	740.266	862.458	884.062	898.128	849.036	809.632	725.568	675.293	562.21	547.878	572.852	461.267	279.956	129.149	49.893	13.248	1.276
580.316	559.002	575.489	604.144	708.298	851.794	889.526	893.279	868.362	806.8	750.391	669.351	595.093	521.297	570.082	475.953	298.183	136.159	50.294	14.478	1.356
586.901	555.65	573.376	598.806	678.408	835.773	892.458	888.768	884.436	805.933	771.356	666.568	623.757	503.673	562.529	488.294	316.423	144.816	50.145	14.324	1.434
584.861	552.633	570.049	592.718	653.469	813.773	890.465	886.859	893.569	810.4	784.084	671.666	641.101	499.99	549.573	497.227	334.056	155.407	50.381	12.218	1.506
589.661	554.087	564.205	582.234	625.999	778.87	878.782	884.185	896.276	821.003	791.53	684.524	649.661	509.196	529.578	498.064	345.834	168.067	56.43	13.041	1.578
576.219	559.241	558.033	574.002	604.879	737.894	862.741	882.901	891.962	836.771	791.73	704.746	648.399	532.74	504.38	497.815	357.293	179.444	60.894	14.526	1.647
550.912	567.416	552.009	567.755	589.164	694.447	841.926	881.39	883.314	854.509	788.437	728.361	642.53	563.49	479.719	495.91	368.698	189.057	64.76	15.78	1.716
524.263	575.589	548.295	562.875	576.688	653.975	815.831	876.941	874.84	869.008	787.766	748.952	640.452	590.694	464.362	491.023	379.276	198.449	67.692	15.967	1.788
503.532	579.011	549.194	558.913	566.222	620.251	784.655	868.003	869.406	877.335	793.481	762.969	647.12	608.382	463.266	482.63	388.365	208.244	70.606	14.347	1.868
21.189	22.984	20.899	21.807	21.072	20.686	20.299	21.443	20.974	18.635	16.074	12.186	9.629	9.805	8.502	6.732	4.128	2.261	0.886	0.216	0.028
20.294	23.181	21.24	21.689	21.224	20.782	20.325	21.348	21.265	19.147	16.679	12.874	9.822	9.676	8.615	6.885	4.312	2.328	0.959	0.233	0.029
19.988	22.993	21.775	21.409	21.392	20.795	20.399	21.137	21.457	19.645	17.167	13.617	10.159	9.453	8.755	6.995	4.539	2.365	1	0.26	0.029
20.107	22.457	22.438	21.121	21.565	20.789	20.508	20.895	21.585	20.132	17.6	14.393	10.625	9.228	8.897	7.089	4.791	2.4	1.021	0.281	0.03
20.423	21.777	23.037	21.036	21.707	20.844	20.634	20.735	21.681	20.6	18.07	15.167	11.198	9.129	9.001	7.211	5.048	2.47	1.025	0.28	0.031
20.809	21.247	23.37	21.259	21.797	20.995	20.762	20.707	21.757	21.042	18.623	15.912	11.866	9.224	9.041	7.383	5.287	2.602	1.021	0.243	0.032
21.432	20.93	23.362	21.884	22.246	21.51	21.012	20.745	21.729	21.416	19.121	16.494	12.519	9.389	8.908	7.482	5.393	2.772	1.09	0.262	0.032
22.108	20.828	23.087	22.685	22.553	22.239	21.328	20.939	21.649	21.782	19.715	17.023	13.287	9.721	8.726	7.638	5.488	2.954	1.121	0.297	0.032
22.756	20.933	22.619	23.482	22.737	23.094	21.696	21.237	21.54	22.087	20.35	17.512	14.102	10.182	8.552	7.794	5.592	3.124	1.14	0.322	0.033
23.271	21.162	22.106	24.001	22.902	23.891	22.129	21.55	21.436	22.27	20.934	17.987	14.874	10.72	8.471	7.885	5.718	3.277	1.151	0.318	0.033
23.541	21.398	21.681	24.097	23.131	24.474	22.649	21.823	21.375	22.299	21.393	18.477	15.534	11.3	8.528	7.884	5.86	3.402	1.179	0.27	0.033
23.97	21.664	21.441	24.121	23.3	24.263	22.889	21.867	21.277	22.109	21.705	19.007	16.14	11.987	8.727	7.805	5.956	3.53	1.332	0.294	0.034
23.878	22.013	21.261	23.783	23.779	23.822	23.162	21.831	21.237	21.785	21.869	19.546	16.611	12.739	9.047	7.665	6.077	3.61	1.442	0.334	0.035
23.434	22.438	21.17	23.154	24.435	23.329	23.396	21.763	21.231	21.406	21.892	20.067	16.997	13.51	9.476	7.529	6.212	3.665	1.52	0.369	0.036
22.928	22.868	21.176	22.46	24.998	23.038	23.499	21.733	21.222	21.07	21.799	20.523	17.388	14.237	9.995	7.489	6.322	3.734	1.566	0.376	0.038
22.592	23.188	21.302	21.899	25.258	23.101	23.451	21.784	21.194	20.839	21.631	20.871	17.843	14.886	10.593	7.606	6.391	3.841	1.592	0.341	0.04
269.164	256.196	297.154	349.122	342.538	314.15	263.582	279.342	254.941	251.487	231.715	180.571	151.331	123.279	100.584	87.495	56.057	29.567	8.684	1.654	0.163
278.568	255.058	286.628	342.178	349.756	329.962	276.557	282.499	260.756	252.647	237.903	188.717	154.889	126.162	100.692	86.387	57.398	30.496	10.056	1.815	0.169
285.442	257.084	278.449	332.461	355.491	343.133	295.137	284.091	270.323	253.591	243.12	199.018	158.597	129.94	102.159	84.805	59.19	30.886	11.064	2.13	0.177
291.011	261.734	272.743	321.309	358.781	353.598	317.07	286.254	282.144	255.092	247.555	210.435	162.972	134.392	104.707	83.39	61.056	31.002	11.727	2.39	0.185
297.381	267.91	269.434	310.442	358.468	361.949	338.7	292.285	293.612	258.485	251.532	221.359	168.86	139.189	107.977	82.913	62.439	31.321	11.888	2.41	0.195
306.555	274.071	268.397	301.016	354.236	368.466	357.314	303.88	303.16	264.663	255.238	230.742	176.671	144.109	111.757	83.714	63.129	32.012	11.599	2.042	0.206
318.25	280.854	268.517	296.266	353.175	375.641	370.232	315.694	308.12	272.807	257.965	238.369	185.748	148.477	115.405	84.964	63.361	34.04	12.83	2.436	0.219
331.518	289.047	270.054	291.535	349.121	382.739	380.922	332.278	310.173	284.019	259.943	244.691	196.691	152.735	119.714	87.08	63.033	36.031	13.466	3.049	0.234
345.225	298.17	272.713	286.598	342.114	388.357	389.311	351.234	310.989	296.211	261.74	249.511	208.21	157.216	124.336	89.801	62.644	37.616	13.824	3.517	0.252
356.317	307.534	275.959	281.359	332.949	390.51	395.906	368.737	313.616	306.198	264.427	252.815	218.414	162.57	128.778	92.804	62.731	38.655	13.922	3.591	0.272
362.069	316.516	279.46	276.082	322.457	387.918	400.964	382.276	319.904	312.136	268.612	254.701	226.12	169.097	132.754	95.91	63.507	38.98	14.029	3.14	0.296
368.406	326.326	284.388	269.727	305.77	374.257	398.973	389.156	328.087	314.759	275.258	256.549	233.015	177.589	136.774	99.314	64.914	39.693	15.799	3.497	0.328
368.765	335.19	290.091	265.745	289.419	355.974	394.389	391.215	338.912	312.799	283.54	256.494	237.698	187.103	140.15	102.954	66.602	39.68	17.026	4.008	0.363
364.422	343.098	296.565	264.496	274.648	335.029	387.221	389.685	350.901	308.926	292.226	255.921	240.735	196.918	143.657	106.841	68.685	39.374	17.82	4.399	0.4
358.309	350.043	304.12	266.007	262.665	314.126	377.228	386.656	361.586	307.286	299.289	256.845	243.008	206.028	148.486	110.944	71.274	39.417	18.132	4.462	0.436
352.875	355.679	313.024	270.105	254.275	295.18	364.428	383.443	369.53	310.371	303.707	260.499	245.173	213.957	155.328	115.318	74.481	40.215	18.027	4.023	0.469
2637.137	2739.341	2831.091	3073.079	3604.593	4310.74	4585.507	4550.292	4048.478	3814.334	3917.414	3321.124	3462.994	3092.83	2746.489	2234.744	1103.674	861.253	299.81	53.949	4.848
2629.231	2736.025	2819.989	3017.398	3503.31	4236.499	4596.741	4628.993	4160.186	3822.93	3939.101	3383.259	3426.33	3130.204	2748.325	2296.978	1193.817	822.287	346.651	62.841	5.272
2648.459	2730.831	2816.615	2976.912	3409.96	4139.922	4609.711	4688.596	4297.702	3863.547	3915.791	3510.185	3357.319	3191.763	2758.611	2325.889	1338.188	755.914	383.333	76.772	5.743
2686.327	2722.932	2817.904	2950.213	3323.418	4026.135	4615.766	4732.268	4446.645	3933.838	3868.276	3667.293	3282.399	3259.921	2779.035	2337.971	1501.668	695.195	405.463	88.1	6.27
2727.42	2714.947	2818.976	2932.15	3242.718	3905.834	4600.345	4767.274	4586.097	4026.981	3831.509	3800.545	3243.036	3308.359	2812.264	2352.926	1641.688	675.561	408.122	91.089	6.863
2758.748	2712.79	2815.246	2917.476	3168.919	3786.585	4553.117	4797.004	4701.975	4136.438	3827.459	3877.7	3261.85	3322.436	2858.786	2379.461	1740.071	709.877	392.976	82.044	7.525
2798.532	2721.819	2810.119	2912.433	3121.656	3670.761	4458.865	4798.649	4777.575	4253.633	3850.467	3908.214	3326.786	3294.826	2904.562	2393.208	1790.147	791.144	390.462	97.748	8.263
2823.246	2737.233	2800.353	2908.233	3087.145	3564.333	4337.513	4793.77	4824.064	4385.609	3897.368	3890.729	3450.22	3231.338	2968.807	2410.712	1816.534	893.222	364.748	119.281	9.053
2831.324	2757.764	2788.288	2902.906	3060.821	3468.65	4198.635	4775.454	4846.629	4519.681	3965.647	3846.347	3600.242	3158.719	3035.619	2434.857	1834.51	993.73	339.51	133.144	9.908
2823.34	2778.806	2778.511	2894.016	3037.007	3383.696	4057.415	4732.291	4855.615	4637.811	4049.539	3810.272	3726.538	3118.838	3081.71	2470.463	1857.763	1080.029	325.578	131.771	10.844
2800.71	2793.284	2774.598	2880.484	3012.592	3308.703	3924.211	4658.077	4857.239	4728.579	4144.152	3804.249	3799.417	3135.179	3094.931	2519.583	1890.545	1139.954	337.994	113.466	11.86
2781.993	2805.272	2774.846	2864.478	2988.739	3235.073	3787.652	4549.602	4850.03	4794.843	4250.279	3819.759	3823.318	3196.919	3067.367	2561.846	1905.456	1182.639	396.038	110.732	13.048
2734.975	2815.086	2779.405	2843.6	2968.726	3175.739	3659.655	4411.83	4834.728	4832.251	4371.112	3858.114	3800.894	3313.989	3007.688	2622.66	1921.171	1207.53	451.504	108.828	14.349
2670.898	2821.143	2786.801	2820.71	2950.138	3128.154	3542.297	4255.206	4804.528	4846.146	4494.916	3917.402	3753.296	3455.391	2941.518	2687.77	1944.213	1221.906	500.401	109.563	15.603
2606.606	2820.756	2795.258	2801.112	2930.464	3088.141	3436.939	4096.261	4748.949	4847.443	4605.032	3993.33	3715.182	3574.01	2908.723	2736.456	1981.411	1239.248	534.302	109.448	16.597
2553.684	2810.316	2803.971	2788.488	2908.597	3052.802	3344.739	3946.709	4663.07	4843.039	4691.188	4082.664	3708.095	3643.252	2931.356	2758.3	2035.137	1265.718	554.441	101.443	17.203
5955.442	6131.158	6766.878	7612.739	8450.347	10094.116	8773.391	8073.906	7918.225	9116.275	10480.466	8776.183	7723.546	7027.606	5844.403	4068.847	2594.805	1488.008	523.721	104.652	9.22
5954.734	6052.573	6612.817	7446.459	8182.12	9961.487	9059.47	8163.746	7828.396	8782.96	10401.484	9096.57	7819.445	7093.604	6010.107	4271.122	2699.555	1553.384	598.784	123.868	10.828
5901.307	6003.577	6469.344	7273.432	7999.068	9640.139	9421.442	8252.269	7817.289	8482.293	10152.095	9498.38	7930.075	7152.488	6160.379	4499.093	2820.609	1606.273	659.65	150.726	12.689
5815.079	5980.801	6336.844	7096.894	7873.061	9203.476	9781.707	8358.342	7867.133	8221.737	9788.772	9903.578	8071.818	7213.612	6296.282	4738.284	2962.008	1656.029	713.08	174.441	14.816
5730.23	5970.022	6220.597	6924.195	7750.291	8774.081	10020.413	8516.181	7945.342	8008.874	9402.394	10193.911	8270.851	7289.983	6418.961	4968.204	3127.704	1720.111	756.836	187.234	17.217
5669.869	5950.126	6128.112	6760.602	7597.94	8430.63	10066.043	8740.763	8030.17	7851.802	9051.091	10299.726	8537.217	7390.082	6529.67	5177.102	3318.301	1808.234	793.814	184.581	19.892
5591.066	5920.266	6067.158	6611.204	7438.491	8173.583	9949.031	9045.287	8144.895	7772.491	8717.832	10230.527	8855.767	7491.532	6601.746	5328.225	3493.262	1904.732	857.235	215.786	22.878
5560.722	5871.681	6028.673	6465.333	7266.182	7992.945	9634.77	9416.81	8250.567	7776.103	8408.377	9987.911	9247.409	7601.092	6665.655	5467.683	3685.627	2001.602	893.738	256.234	26.137
5563.14	5804.435	6006.093	6329.706	7087.242	7863.501	9200.293	9780.482	8366.423	7845.367	8138.17	9628.701	9638.213	7736.964	6731.347	5598.597	3886.639	2102.796	924.28	288.49	29.629
5567.967	5729.626	5984.035	6214.103	6912.481	7736.099	8772.312	10021.206	8530.758	7946.702	7924.202	9244.976	9917.17	7929.025	6813.475	5723.18	4082.882	2224.831	956.297	302.031	33.301
5554.595	5665.52	5947.556	6123.297	6748.254	7580.466	8430.151	10069.826	8761.461	8055.167	7778.459	8895.957	10018.314	8189.065	6920.613	5841.813	4267.235	2371.305	1002.832	292.877	37.11
5561.245	5625.264	5909.397	6067.402	6602.326	7426.381	8179.489	9945.78	9048.586	8156.242	7707.022	8568.196	9946.981	8493.739	7016.17	5907.324	4390.186	2511.198	1084.322	317.047	41.102
5539.802	5598.067	5855.843	6039.586	6461.981	7261.34	8007.664	9636.677	9408.057	8247.475	7719.617	8266.758	9714.394	8873.725	7123.387	5972.455	4510.489	2653.794	1142.245	347.775	45.253
5496.082	5583.919	5790.061	6027.947	6333.08	7089.407	7885.909	9217.137	9763.36	8350.313	7793.478	8005.925	9373.052	9255.03	7258.298	6045.489	4632.37	2791.439	1197.484	373.616	49.524
5444.89	5575.322	5724.171	6012.49	6223.888	6918.965	7763.081	8807.205	9998.401	8502.771	7890.929	7800.685	9007.715	9527.469	7448.293	6137.644	4754.841	2932.1	1253.709	384.443	53.861
5395.537	5559.949	5670.023	5979.697	6139.048	6756.33	7609.438	8480.823	10046.01	8721.873	7988.225	7660.994	8673.859	9627.216	7704.325	6255.128	4875.729	3072.626	1328.15	371.738	58.24
971.264	996.856	973.104	933.698	957.207	1143.411	1318.837	1323.458	1220.975	1143.902	1163.73	876.791	739.847	658.018	548.529	453.489	279.285	155.225	56.178	11.218	1.166
968.778	999.243	983.876	945.934	947.883	1107.577	1297.729	1334.077	1241.527	1144.932	1176.684	924.859	750.846	663.425	552.454	455.448	289.172	158.05	61.935	12.477	1.208
976.937	998.231	992.352	957.813	946.595	1072.037	1269.275	1340.204	1262.542	1154.185	1168.816	985.347	762.579	668.401	560.305	453.849	301.662	158.287	65.034	14.654	1.25
990.918	994.492	999.035	968.601	951.17	1039.563	1235.785	1340.937	1282.631	1169.91	1148.768	1048.7	778.36	673.99	570.457	451.607	314.659	157.691	66.171	16.216	1.29
1002.036	990.216	1003.903	978.142	958.332	1013.63	1200.7	1335.186	1300.293	1188.487	1130.73	1100.459	803.48	681.712	580.718	452.28	325.317	159.056	65.206	15.968	1.331
1003.697	988.456	1006.369	986.57	965.782	995.973	1166.516	1322.499	1314.501	1207.412	1123.491	1132.14	840.473	692.549	590.053	457.46	332.611	163.534	62.624	13.074	1.374
1007.339	987.162	1005.986	999.128	975.912	980.975	1126.863	1298.365	1323.316	1226.261	1123.609	1143.431	886.191	703.047	596.072	462.945	336.15	173.952	67.458	14.641	1.419
995.121	989.871	1002.347	1009.696	988.667	976.788	1088.208	1267.847	1328.285	1246.812	1133.114	1135.958	944.959	714.764	602.571	472.087	337.331	184.615	69.341	17.207	1.467
972.008	996.113	996.777	1016.701	1002.602	981.633	1052.797	1232.822	1327.688	1267.206	1149.738	1117.673	1007.234	730.713	610.159	483.526	338.65	193.917	70.184	19.072	1.521
947.662	1002.667	991.726	1019.198	1015.981	991.527	1023.954	1195.659	1319.532	1284.789	1169.017	1101.452	1058.283	755.651	619.631	495.236	342.521	201.573	70.303	18.981	1.583
929.003	1004.618	989.601	1017.577	1027.221	1003.225	1004.285	1158.266	1303.218	1297.63	1188.003	1095.363	1089.486	791.861	631.574	506.214	349.848	206.84	71.297	16.131	1.656
903.769	1002.042	994.997	1021.02	1037.887	1012.789	993.08	1122.304	1281.951	1305.741	1206.686	1095.697	1099.624	835.759	642.078	512.611	356.694	212.424	80.548	17.557	1.744
891.659	991.744	1001.883	1020.078	1047.176	1024.232	990.547	1085.391	1253.748	1309.173	1225.67	1104.277	1090.76	890.966	652.842	519.213	365.405	215.206	87.344	19.938	1.843
889.584	974.395	1009.292	1015.955	1054.7	1037.433	994.863	1050.544	1220.579	1307.304	1243.559	1119.331	1071.39	948.445	667.04	526.952	375.495	216.775	92.233	21.877	1.953
890.886	953.86	1013.677	1011.745	1060.193	1051.773	1003.118	1022.032	1185.276	1299.379	1258.915	1137.282	1054.828	994.94	689.824	536.824	385.972	219.875	94.715	22.171	2.071
890.689	936.07	1011.39	1009.737	1063.087	1066.096	1013.585	1002.473	1149.792	1284.948	1270.687	1155.535	1048.999	1022.997	723.578	549.278	396.406	225.657	95.442	19.857	2.196
283.436	301.65	291.495	276.424	253.32	268.625	293.242	307.843	292.087	257.474	238.056	186.135	153.216	131.273	121.095	94.847	61.036	33.323	11.744	2.383	0.295
278.661	302.935	296.952	282.939	255.689	268.264	291.979	308.898	299.696	262.409	244.002	195.168	157.466	132.449	120.475	96.615	62.847	34.43	13.082	2.673	0.304
277.348	302.331	302.69	289.068	261.116	266.179	292.123	309.138	306.538	270.407	246.964	206.531	161.99	135.035	119.649	98.492	65.008	35.179	13.952	3.157	0.311
278.609	299.787	308.21	294.677	269.52	262.21	293.527	308.961	311.807	281.224	247.712	219.141	167.046	138.721	119.078	100.289	67.421	35.767	14.513	3.531	0.318
281.33	295.99	312.366	300.09	279.046	258.088	294.815	308.804	315.33	292.868	248.687	230.609	173.321	142.955	119.335	101.727	69.867	36.604	14.715	3.566	0.325
284.574	292.335	314.046	305.5	287.711	256.095	294.215	308.985	317.481	303.132	252.16	238.949	181.319	147.326	120.681	102.716	72.176	37.841	14.675	3.103	0.335
289.457	289.501	313.22	311.104	293.715	260.078	288.945	307.438	318.997	307.631	259.868	243.46	190.967	152.222	122.127	103.432	74.134	39.808	15.954	3.511	0.348
295.857	287.237	310.069	316.157	298.678	266.818	281.833	306.439	318.628	311.254	268.738	245.034	202.336	156.687	125.124	103.219	76.401	41.564	16.584	4.131	0.363
302.672	285.978	305.436	319.776	303.828	274.434	274.829	305.817	316.116	315.363	276.992	245.736	214.111	161.049	129.758	102.389	79.044	43.071	16.957	4.588	0.381
308.419	285.917	300.617	321.418	309.831	281.261	270.463	304.576	312.652	320.032	283.575	247.996	224.343	166.439	135.379	102.019	81.651	44.716	17.158	4.618	0.402
312.253	286.925	296.575	321.142	316.241	287.185	269.724	302.006	309.804	324.063	289.116	252.522	232.093	173.725	141.138	103.208	83.676	46.715	17.473	4.053	0.425
318.985	290.24	296.341	321.585	319.941	292.921	269.297	297.97	308.537	323.581	296.85	257.206	237.741	182.824	143.323	104.954	83.016	48.962	19.195	4.445	0.451
319.255	295.602	296.353	321.601	324.488	298.953	271.88	291.737	309.895	320.944	305.043	263.641	240.987	194.711	145.856	108.037	81.667	51.288	20.263	5.061	0.481
315.386	302.779	296.177	321.068	329.847	304.796	276.749	284.244	312.492	317.349	312.453	271.445	242.805	207.561	149.863	111.599	80.483	53.33	21.044	5.544	0.513
310.995	310.226	296.157	320.145	335.144	310.323	282.349	277.627	313.839	314.483	317.644	279.671	244.966	218.907	156.314	114.987	80.322	54.92	21.538	5.599	0.544
308.68	315.633	297.248	318.932	339.361	315.915	287.537	273.539	312.246	313.313	320.102	287.465	248.663	227.385	165.234	118.381	81.383	55.764	22.166	5.012	0.573
301.77	308.712	288.649	265.743	277.063	329.874	351.605	330.714	319.481	304.734	308.451	240.39	185.738	167.749	165.642	157.642	110.831	58.952	21.103	4.128	0.396
297.312	310.938	294.799	269.914	272.934	322.007	352.126	335.321	321.721	304.803	311.175	253.324	191.649	166.44	161.241	155.136	112.829	61.208	23.23	4.629	0.409
293.381	311.451	300.415	275.193	270.848	312.687	350.892	341.042	323.32	307.009	309.452	267.672	199.167	166.082	157.654	151.556	115.168	62.802	24.33	5.476	0.422
290.178	310.411	305.547	281.309	270.614	303.148	348.115	347.126	324.964	310.766	305.299	281.841	208.316	167.03	154.95	147.562	117.635	63.904	24.859	6.094	0.438
288.354	308.483	310.027	287.811	271.904	295.031	344.062	352.36	327.72	314.859	301.849	293.469	219.134	169.808	153.186	144.027	119.573	65.235	24.818	6.048	0.456
288.372	306.628	313.507	294.354	274.541	289.275	338.97	355.986	332.174	318.552	301.036	301.197	231.485	174.732	152.431	141.439	120.549	67.058	24.565	5.035	0.478
287.887	304.685	316.122	301.38	282.53	287.994	334.069	359.113	337.729	321.67	300.946	305.115	243.668	179.859	151.237	137.288	118.617	69.999	27.029	5.63	0.503
291.137	302.366	317.326	308.062	290.516	289.909	327.976	361.054	345.23	324.31	303.654	304.249	258.495	186.422	150.967	134.239	115.522	72.714	28.359	6.609	0.532
296.671	300	317.344	314.62	297.51	294.915	321.781	361.711	354.016	326.877	308.847	300.026	274.537	194.465	151.778	132.419	112.045	74.766	29.168	7.349	0.564
302.146	298.168	316.637	320.586	303.491	301.844	317.316	361.188	362.654	330.615	314.971	295.882	288.761	204.415	154.132	131.727	109.084	76.085	29.499	7.38	0.599
306.019	297.572	315.519	325.249	309.147	309.113	315.905	359.651	369.965	336.511	320.604	294.559	298.687	216.681	158.341	131.938	107.165	76.302	29.937	6.378	0.635
312.263	298.106	313.527	329.199	320.953	317.337	316.611	354.967	373.672	343.147	323.974	295.175	301.021	230.715	163.54	131.396	105.345	75.764	33.091	7.121	0.671
313.272	301.303	311.196	330.911	332.196	326.885	321.577	349.44	376.18	352.202	326.718	299.609	298.286	247.43	170.413	131.625	104.435	74.262	35.05	8.308	0.709
311.053	306.851	308.744	330.894	341.073	337.532	329.872	344.059	377.196	362.293	329.363	306.444	292.687	264.358	178.993	132.896	104.315	72.386	36.132	9.211	0.749
308.935	313.261	306.913	329.416	346.375	348.534	339.727	340.526	376.49	371.224	333.037	313.145	287.897	277.759	189.45	135.653	104.725	70.938	36.244	9.269	0.793
308.946	318.377	306.688	326.644	348.195	358.601	349.909	340.139	374.141	377.601	338.442	318.146	286.276	285.467	201.694	140.147	105.531	70.344	35.574	8.133	0.841
534.984	537.158	587.759	707.353	797.974	810.399	762.608	768.374	721.609	681.705	637.691	561.035	557.433	534.56	450.664	343.166	202.063	115.578	36.225	6.276	0.503
537.791	534.781	573.225	685.407	788.467	818.619	772.783	773.569	733.682	689.601	648.911	570.173	553.11	535.698	456.583	350.43	209.813	117.051	41.831	7.243	0.544
542.706	533.297	562.425	661.618	775.22	823.004	787.097	774.576	747.879	697.695	657.706	584.365	548.534	535.797	464.252	356.203	220.125	115.924	45.839	8.814	0.592
549.334	532.347	554.739	637.484	758.616	823.198	803.409	773.548	762.631	706.35	664.898	601.177	545.324	534.965	472.87	361.658	231.585	114.057	48.228	10.048	0.647
554.204	531.937	548.907	615.314	739.392	819.487	818.243	774.611	775.462	716.326	672.092	617.294	545.918	533.77	481.124	368.392	242.366	114.006	48.523	10.192	0.708
553.884	532.207	543.941	596.664	718.267	812.253	829.2	780.429	784.789	728.116	680.328	630.867	551.554	532.804	488.127	377.26	251.79	117.112	46.672	8.683	0.776
553.477	539.711	545.593	582.031	688.112	794.217	834.171	786.277	785.676	738.696	688.468	645.049	563.526	531.052	493.398	385.411	258.652	125.427	49.871	10.286	0.85
544.911	545.115	549.919	573.992	659.254	771.52	833.747	798.437	781.869	751.134	696.153	656.3	581.174	530.072	497.207	396.887	264.262	133.899	50.665	12.672	0.931
529.308	546.716	555.925	571.103	633.96	744.993	826.563	814.538	775.743	763.551	703.778	664.676	601.896	531.557	499.2	410.953	270.056	141.436	50.733	14.395	1.019
510.835	543.134	561.769	571.299	613.78	715.953	812.501	828.859	771.658	772.595	711.493	671.086	621.5	537.151	500.102	425.157	277.626	148.047	50.48	14.476	1.115
494.52	533.42	565.218	573.118	598.953	686.193	792.314	836.253	772.607	776.049	719.108	676.346	636.941	547.173	501.117	437.092	287.951	153.403	50.929	12.398	1.218
485.919	526.344	559.266	566.843	584.113	661.477	771.367	835.674	780.333	776.137	728.27	680.119	644.037	556.062	498.972	439.588	298.158	160.517	57.508	13.289	1.337
475.212	518.778	552.351	561.451	571.286	636.441	746.602	827.617	792.795	770.321	738.643	683.656	647.516	568.568	497.157	439.425	309.965	165.435	62.444	14.693	1.465
464.223	510.649	544.894	556.878	560.303	612.051	719.265	813.26	806.749	761.991	748.611	687.474	648.69	582.687	496.651	438.146	322.382	169.175	66.164	15.838	1.593
453.349	502.056	537.702	552.853	550.993	589.62	691.146	795.041	817.179	756.748	755.837	692.504	649.903	595.602	499.267	437.74	333.539	174.191	68.242	15.946	1.71
442.408	492.972	531.215	549.143	543.475	570.091	663.574	774.708	821.065	757.942	759.167	699.362	652.702	605.791	506.136	439.255	342.518	181.619	69.263	14.256	1.811
1891.422	1968.305	2173.807	2650.332	3296.834	3419.603	3331.236	3275.908	3000.292	2567.84	2415.768	2146.497	1933.769	2112.672	1810.248	1362.085	831.563	497.986	178.55	36.022	2.972
1908.89	1969.647	2137.188	2566.684	3264.799	3501.886	3412.965	3345.387	3104.73	2652.679	2454.959	2203.092	1932.053	2075.246	1847	1404.524	864.081	502.977	199.437	40.636	3.243
1959.355	1972.261	2117.275	2492.431	3196.467	3583.824	3513.566	3415.212	3210.904	2765.671	2490.418	2267.982	1964.801	2018.047	1894.435	1446.233	910.101	501.639	213.587	47.746	3.565
2033.622	1974.127	2112.047	2428.333	3099.436	3652.432	3627.145	3489.271	3316.829	2897.898	2530.206	2336.57	2022.377	1955.814	1942.68	1489.196	964.973	500.914	222.359	53.251	3.926
2115.069	1978.376	2113.478	2372.632	2990.906	3690.198	3742.607	3574.083	3420.658	3034.616	2587.087	2402.836	2089.516	1911.747	1976.119	1536.623	1021.947	510.224	224.807	53.839	4.3
2192.54	1992.101	2112.44	2324.207	2884.372	3684.699	3848.494	3672.48	3520.616	3165.177	2667.812	2462.897	2155.995	1899.157	1985.433	1589.354	1077.128	534.028	221.968	47.062	4.672
2297.886	2025.157	2102.934	2296.385	2807.733	3649.411	3926.441	3757.232	3598.155	3277.534	2757.386	2511.323	2221.747	1907.935	1964.46	1638.107	1119.609	569.845	237.269	53.935	5.048
2380.849	2078.888	2089.72	2277.131	2734.901	3574.546	4003.095	3853.69	3665.31	3385.295	2869.395	2547.961	2291.566	1945.986	1919.521	1695.003	1160.489	608.314	242.544	64.233	5.421
2439.582	2150.081	2075.708	2260.563	2662.084	3466.013	4064.884	3953.642	3723.272	3483.599	2993.694	2578.561	2358.665	2003.37	1864.089	1748.564	1202.778	646.276	244.825	71.749	5.807
2469.927	2227.286	2068.715	2237.274	2585.148	3340.033	4090.705	4044.563	3777.84	3567.104	3113.04	2615.269	2414.361	2064.149	1820.375	1782.197	1248.543	684.999	246.11	72.21	6.224
2466.52	2294.281	2076.416	2202.888	2503.969	3209.357	4065.937	4117.837	3834.088	3632.463	3215.599	2666.57	2453.532	2117.912	1801.993	1787.322	1297.05	722.296	252.503	63.412	6.685
2458.133	2351.857	2107.957	2177.665	2419.696	3024.863	3925.131	4135.653	3878.893	3677.772	3311.251	2746.298	2487.723	2173.62	1808.817	1763.268	1338.3	761.842	284.697	68.415	7.287
2405.548	2397.196	2147.953	2146.164	2356.083	2852.966	3728.901	4128.09	3917.54	3697.117	3388.404	2839.529	2503.559	2227.037	1837.922	1714.358	1382.154	793.352	309.584	76.003	7.944
2324.035	2429.915	2193.926	2114.635	2309.245	2701.749	3500.393	4089.47	3948.463	3701.215	3449.075	2939.816	2513.299	2276.41	1882.693	1658.187	1423.227	819.901	330.774	82.499	8.626
2239.196	2450.293	2242.071	2095.229	2271.787	2575.387	3273.284	4012.202	3968.68	3706.535	3497.543	3037.148	2536.081	2319.663	1933.629	1619.552	1451.554	850.869	347.417	84.415	9.292
2169.476	2457.462	2289.985	2096.049	2238.6	2474.829	3070.849	3894.643	3976.137	3723.486	3537.571	3126.127	2583.719	2356.473	1985.906	1612.176	1462.481	889.177	363.948	78.648	9.922
463.548	597.383	575.271	506.85	518.774	593.998	634.956	622.244	585.853	586.451	648.563	573.495	437.403	380.49	364.922	345.027	242.031	140.569	52.712	10.186	0.914
431.681	587.611	590.019	520.158	515.221	584.006	634.12	629.772	592.508	579.16	642.529	594.429	456.899	381.392	357.737	340.456	246.262	143.34	57.938	11.592	0.963
430.044	566.016	601.671	535.815	513.05	572.036	630.542	635.318	599.943	575.849	627.858	612.286	480.326	383.746	352.044	333.091	251.665	144.096	60.487	13.798	1.013
449.019	534.554	610.231	553.013	513.076	560.194	624.996	639.332	608.116	576.452	608.953	626.089	506.085	388.993	348.185	324.934	257.379	144.013	61.375	15.368	1.065
472.935	500.543	613.362	570.437	516.798	550.905	618.54	642.498	617.025	580.149	592.31	634.589	531.946	399.227	346.725	318.389	261.873	145.265	60.753	15.249	1.121
491.224	474.559	607.351	586.816	525.027	545.126	611.796	644.981	626.379	586.105	581.744	637.021	556.215	415.363	348.082	314.508	264.358	148.644	59.398	12.744	1.182
524.796	458.921	593.948	604.814	541.473	541.323	602.443	646.032	632.314	591.456	572.346	629.948	574.068	432.469	348.23	307.861	260.701	153.988	63.771	14.119	1.243
541.851	456.638	570.164	623.733	562.248	542.496	593.395	646.318	640.595	599.233	569.882	616.309	592.352	454.616	351.262	303.689	255.939	159.426	65.406	16.38	1.311
546.902	468.421	538.534	640.457	584.639	548.987	585.448	644.53	650.733	607.91	573.305	598.482	609.127	479.465	357.631	301.746	251.457	163.863	65.894	17.977	1.382
549.339	488.695	507.61	648.962	606.047	560.255	579.614	640.113	660.543	616.6	579.539	581.519	620.626	503.989	368.116	301.849	248.307	167.059	65.5	17.743	1.453
555.835	507.633	486.654	645.003	625.421	575.053	576.921	633.725	667.727	625.673	586.059	569.556	624.154	526.558	382.969	304.065	246.763	168.38	65.597	14.9	1.522
561.78	522.964	478.295	632.223	646.116	590.504	576.55	626.012	670.632	636.561	592.677	561.872	618.582	545.952	398.404	304.864	243.182	168.69	72.254	16.187	1.591
567.186	538.33	480.533	603.952	668.856	608.118	579.746	617.34	669.638	649.229	599.452	560.881	603.325	566.132	417.321	307.11	240.344	167.101	76.243	18.412	1.658
573.764	553.087	491.399	566.037	689.591	626.954	586.653	608.805	665.027	662.343	606.162	565.519	581.845	584.873	438.202	311.487	238.757	164.62	78.334	20.063	1.725
580.94	567.382	505.708	530.339	701.047	646.689	597.036	602.206	658.181	673.406	613.804	572.586	561.429	597.896	459.573	319.346	238.88	162.76	78.435	19.938	1.795
587.405	581.855	519.551	505.619	697.931	667.229	610.345	598.935	650.39	680.444	623.382	579.441	547.599	601.935	480.811	331.384	240.886	162.078	77.291	17.185	1.869
401.331	428.229	421.083	415.439	411.714	483.025	588.423	610.317	546.299	497.822	491.434	427.751	347.976	312.637	271.447	227.406	144.763	96.398	36.224	6.931	0.601
390.268	427.439	424.726	421.013	416.405	473.245	577.452	615.857	560.08	501.295	491.943	438.365	355.344	313.36	272.91	229.745	149.016	95.441	40.262	7.878	0.641
381.036	424.162	428.809	424.696	423.388	466.528	564.751	619.277	575.93	508.492	489.859	449.292	365.67	313.521	275.83	230.907	156.033	92.851	42.777	9.421	0.684
373.78	418.326	433.174	427.428	430.927	462.964	551.933	620.753	592.435	519.242	487.125	459.813	378.153	314.178	279.546	232.013	164.322	90.359	44.094	10.595	0.733
368.541	410.822	436.716	430.377	437.307	462.308	541.084	620.387	607.765	532.87	486.716	468.728	391.46	317.032	283.192	234.292	172.008	90.064	44.12	10.67	0.788
365.676	403.202	438.091	434.115	441.925	463.854	533.308	618.264	620.877	548.629	490.5	475.307	404.681	323.097	286.319	238.119	178.34	92.997	42.99	9.167	0.85
364.2	396.739	437.149	441.604	452.611	468.405	523.04	610.687	632.273	565.969	496.221	478.495	418.358	331.915	287.249	240.961	181.238	97.926	44.874	10.577	0.916
366.024	390.697	433.551	448.505	461.24	477.34	516.681	599.656	640.888	586.094	506.119	478.471	432.328	344.251	287.964	244.727	183.972	103.554	44.689	12.62	0.987
370.547	385.466	428.115	454.289	467.225	489.277	514.924	586.772	646.041	607.527	520.093	477.129	445.466	359.147	289.63	248.697	187.573	109.022	44.076	14.034	1.063
376.776	381.464	421.936	457.68	471.351	501.865	517.645	574.793	647.374	627.928	537.366	477.716	456.249	374.995	293.944	252.357	192.495	114.346	43.703	14.033	1.145
383.995	379.1	415.724	457.829	474.671	512.845	524.15	566.013	644.94	645.347	557.076	482.527	463.817	390.536	301.811	255.733	198.338	119.367	44.646	12.276	1.23
395.095	379.949	410.535	460.575	487.26	525.98	529.649	558.107	639.932	656.411	575.516	487.995	466.599	403.05	311.351	256.181	199.799	123.231	49.115	12.77	1.321
404.393	383.594	405.425	458.695	499.042	538	541.826	552.807	630.345	665.995	596.047	498.034	465.083	416.242	323.481	257.373	201.466	126.463	52.319	13.624	1.416
412.453	389.737	401.229	452.86	507.979	548.147	559.967	550.451	616.852	673.744	616.725	512.422	460.771	429.156	336.709	260.163	203.497	129.255	54.77	14.281	1.506
420.01	397.391	398.52	444.507	511.936	556.959	580.667	551.674	602.243	678.166	635.544	529.632	457.395	439.493	349.727	265.48	205.991	132.337	56.28	14.097	1.58
427.271	405.121	397.667	435.211	510.055	564.688	600.163	557.645	589.326	677.483	651.659	548.07	458.136	445.312	362.187	273.412	209.099	135.64	57.597	12.398	1.629
3553.42	3812.242	3856.184	3623.989	3505.383	4048.674	4646.732	4659.057	4019.469	3682.439	4012.712	3265.08	2897.025	2616.897	2356.836	2015.531	1268.049	757.055	286.83	60.616	6.628
3490.663	3772.955	3885.247	3725.317	3530.034	3939.703	4569.052	4717.562	4139.446	3665.389	3990.786	3384.394	2916.884	2617.889	2334.819	2012.771	1304.791	761.794	315.348	67.548	6.951
3444.231	3721.368	3890.42	3813.82	3596.555	3843.408	4471.159	4745.438	4276.818	3695.906	3897.098	3543.871	2935.828	2628.365	2323.607	1995.081	1355.176	753.355	331.401	78.749	7.299
3418.016	3662.691	3878.978	3882.341	3694.11	3772.511	4362.855	4746.715	4419.035	3768.476	3768.238	3712.258	2966.053	2647.613	2323.071	1973.837	1408.725	741.774	338.23	87.017	7.678
3419.574	3605.327	3857.003	3929.981	3803.175	3741.057	4258.521	4728.243	4548.834	3869.672	3662.187	3841.085	3026.512	2674.831	2332.695	1961.813	1452.058	741.166	335.374	86.925	8.095
3453.669	3558.887	3826.567	3960.168	3906.576	3755.132	4169.857	4694.733	4655.092	3989.176	3615.15	3902.232	3126.453	2710.064	2352.113	1964.743	1480.609	757.996	324.245	74.739	8.553
3500.235	3535.158	3805.497	4006.304	4007.591	3823.269	4077.047	4610.468	4714.968	4134.553	3625.927	3899.336	3258.238	2738.383	2367.775	1971.134	1492.387	800.043	342.356	83.11	9.022
3592.518	3517.316	3777.767	4034.629	4099.099	3931.046	4020.338	4507.862	4742.523	4290.401	3691.61	3831.623	3434.245	2770.938	2391.655	1986.462	1499.548	843.57	345.903	96.081	9.526
3710.357	3505.5	3747.519	4041.213	4178.758	4056.623	4009.167	4396.28	4739.228	4437.497	3802.123	3731.579	3620.176	2818.098	2421.733	2007.658	1511.308	880.739	345.345	105.25	10.07
3821.14	3501.796	3715.246	4026.512	4242.512	4177.875	4043.379	4293.392	4707.251	4555.288	3934.402	3652.998	3764.371	2894.63	2456.39	2032.611	1532.666	911.186	343.659	104.649	10.654
3903.691	3510.184	3678.885	3994.816	4284.077	4283.268	4112.082	4216.381	4648.675	4633.002	4067.596	3629.714	3836.777	3005.581	2495.792	2060.584	1561.975	934.348	347.404	90.735	11.276
4034.228	3541.051	3642.032	3964.662	4284.543	4336.024	4154.843	4172.435	4586.179	4686.707	4183.322	3638.436	3830.231	3133.121	2526.37	2070.452	1569.623	964.054	385.144	96.448	11.977
4081.221	3607.869	3599.59	3930.231	4271.794	4382.006	4213.497	4150.455	4501.946	4715.182	4305.818	3695.21	3756.188	3298.316	2559.74	2087.793	1577.568	984.751	412.288	106.136	12.731
4071.522	3709.333	3555.813	3888.819	4247.526	4418.403	4280.978	4148.649	4407.637	4717.675	4424.519	3787.923	3648.353	3469.258	2604.47	2112.337	1589.467	998.115	432.721	114.099	13.493
4048.867	3826.402	3526.195	3838.229	4214.563	4442.728	4347.596	4162.836	4321.186	4695.334	4525.806	3895.39	3560.783	3598.18	2674.79	2144.082	1607.481	1011.059	444.879	115.098	14.202
4042.918	3927.745	3529.2	3779.712	4174.572	4454.151	4407.572	4190.659	4255.481	4651.304	4601.529	4004.158	3527.137	3658.879	2777.49	2183.863	1632.217	1026.546	452.452	104.67	14.825
19588.995	20867.181	20734.858	19947.752	19064.862	19298.047	20648.418	22617.508	22440.715	20274.433	17530.776	13333.867	10894.161	9423.504	8787.547	7386.939	5015.133	2668.593	1124.791	294.423	40.275
19382.292	20894.662	21040.2	20318.273	19292.543	19268.113	20376.911	22385.058	22674.292	20769.918	18190.876	14033.697	11191.944	9479.975	8702.808	7389.638	5133.67	2776.892	1193.337	316.333	40.959
19476.758	20745.279	21288.024	20654.245	19561.544	19242.891	20138.094	22027.282	22795.446	21231.379	18721.809	14829.525	11502.701	9602.597	8603.04	7381.384	5228.693	2869.771	1215.13	349.298	41.957
19758.231	20443.148	21479.27	20962.943	19877.36	19239.4	19943.958	21607.81	22812.875	21648.021	19166.436	15671.429	11858.362	9787.745	8512.93	7380.105	5300.802	2946.757	1215.923	370.932	43.187
20056.361	20079.866	21587.946	21262.274	20232.054	19293.661	19797.655	21211.108	22740.111	22003.032	19599.679	16483.018	12313.062	10024.31	8474.552	7390.328	5356.372	3023.803	1202.217	363.41	44.505
20273.45	19781.371	21568.889	21556.343	20608.258	19433.477	19694.679	20885.287	22588.734	22283.586	20062.379	17214.043	12895.654	10304.004	8515.603	7405.829	5409.219	3095.741	1194.171	312.985	45.799
20790.467	19775.792	21412.736	21694.763	20859.035	19642.929	19597.756	20571.09	22323.638	22481.124	20498.98	17808.038	13546.201	10548.873	8553.659	7361.153	5477.001	3202.537	1303.524	331.038	47.022
21017.022	19917.276	21217.617	21860.67	21093.728	19919.374	19564.915	20338.154	21989.185	22618.987	20966.172	18322.964	14324.073	10840.422	8671.458	7297.693	5560.367	3286.73	1374.259	365.815	48.294
21018.616	20173.081	21015.375	22022.336	21311.955	20221.404	19598.292	20172.96	21618.213	22673.819	21431.563	18784.847	15161.791	11203.116	8856.524	7236.79	5654.346	3351.686	1424.124	393.617	49.612
20913.782	20452.885	20869.083	22126.998	21515.454	20504.737	19694.183	20049.76	21256.397	22624.358	21838.646	19239.791	15962.824	11670.231	9087.945	7214.719	5737.166	3420.978	1450.802	394.647	50.976
20802.247	20629.706	20828.593	22150.096	21708.684	20751.032	19839.693	19956.336	20936.369	22470.097	22146.933	19714.431	16670.681	12252.669	9356.708	7256.82	5792.617	3501.88	1469.456	353.942	52.401
20737.641	20678.788	20758.003	22140.439	22034.396	21077.305	20029.154	19889.328	20656.38	22209.262	22296.65	20127.732	17225.25	12861.404	9610.515	7316.431	5762.599	3606.343	1588.694	391.141	53.918
20508.408	20743.382	20728.9	21997.206	22370.091	21412.459	20283.77	19869.201	20440.142	21880.161	22375.435	20554.348	17693.774	13574.085	9895.574	7443.659	5707.584	3701.041	1650.835	449.852	55.516
20213.888	20819.388	20722.447	21760.682	22674.004	21751.97	20586.994	19898.852	20279.05	21514.314	22377.471	20963.094	18103.999	14334.46	10233.353	7625.436	5662.179	3775.474	1687.592	494.726	57.303
19969.079	20884.24	20717.63	21509.252	22882.16	22094.828	20916.319	19985.323	20156.627	21160.57	22298.192	21308.204	18506.376	15060.791	10658.148	7846.091	5664.743	3833.786	1705.662	501.335	59.423
19850.654	20903.798	20713.091	21296.966	22951.918	22436.116	21256.69	20132.748	20065.032	20852.607	22139.434	21562.264	18929.116	15703.718	11185.208	8100.189	5732.262	3870.514	1728.714	456.153	61.97
